%YAML:1.0
---
model_type: PINHOLE
camera_name: camera
image_width: 640
image_height: 480
distortion_parameters:
   k1: 0.0
   k2: 0.0
   p1: 0.0
   p2: 0.0
projection_parameters:
   fx: 391.2991027832031
   fy: 313.4283447265625
   cx: 391.2991027832031
   cy: 245.47291564941406