%YAML:1.0
---
model_type: MEI
camera_name: camera
image_width: 640
image_height: 400
mirror_parameters:
   xi: 1.7701322038389493
distortion_parameters:
   k1: -0.11447237554477004
   k2: 0.7080853247603818
   p1: -0.002303957613796926
   p2: 0.0004990256444073052
projection_parameters:
   gamma1: 787.9669261544581
   gamma2: 787.5158178707843
   u0: 313.33916154489646
   v0: 190.79020782710103
