%YAML:1.0
---
model_type: PINHOLE
camera_name: camera
image_width: 640
image_height: 400
distortion_parameters:
   k1: -0.26974367581957714
   k2:  0.060525433255523634
   p1: -0.0004836920527010044
   p2:  0.00023978272021732286
projection_parameters:
   fx:  282.611725840873
   fy:  282.577429319951
   cx:  315.38394513691554
   cy:  190.84473283962672
