%YAML:1.0
---
model_type: MEI
camera_name: camera
image_width: 640
image_height: 400
mirror_parameters:
   xi: 1.8355849175715555
distortion_parameters:
   k1: -0.09668415127673034
   k2: 0.700921693190596
   p1: 0.0032589020927492065
   p2: -0.002031456001568816
projection_parameters:
   gamma1: 809.4104177602469
   gamma2: 809.2971250255755
   u0: 313.79186581590085
   v0: 202.00054835584027
