%YAML:1.0
---
model_type: PINHOLE
camera_name: camera
image_width: 1280
image_height: 720
distortion_parameters:
   k1: -0.25389826231108714
   k2: 0.04955634977891146
   p1: -0.000715767794072895
   p2: -0.00043786417487649425
projection_parameters:
   fx: 578.0415885795666
   fy: 578.0421853207512
   cx: 636.0669573078186
   cy: 343.7639624600112
