%YAML:1.0
---
model_type: PINHOLE
camera_name: camera
image_width: 1280
image_height: 720
distortion_parameters:
   k1: -0.24517039339282007
   k2: 0.04383062980203093
   p1: 0.0004066100229257451
   p2: 0.0004049127012169397
projection_parameters:
   fx: 579.5464799852999
   fy: 579.820910324792
   cx: 622.2669099322135
   cy: 366.2926804708273
